1	90	28	2
2	9	25	0
3	17	91	1
4	5	56	1
5	15	20	0
6	29	15	2
7	35	61	0
8	89	47	2
9	100	30	0
10	75	28	2
11	49	95	1
12	87	102	0
13	11	70	2
14	42	78	1
15	9	53	1
16	44	58	2
17	93	103	2
18	9	13	0
19	62	65	1
20	6	20	1
21	0	103	2
22	0	19	1
23	14	84	2
24	58	11	1
25	45	37	2
26	34	60	2
27	45	96	0
28	12	82	2
29	6	72	2
30	29	96	1
31	36	94	2
32	17	19	1
33	73	27	1
34	82	17	1
35	88	33	0
36	94	68	1
37	12	20	2
38	98	50	1
39	46	30	0
40	50	34	0
41	41	30	2
42	47	102	2
43	42	49	0
44	5	18	0
45	75	77	0
46	7	102	1
47	24	25	1
48	100	104	1
49	98	80	0
50	88	3	0
51	26	18	1
52	102	67	2
53	62	20	1
54	21	40	1
55	100	14	2
56	43	10	1
57	41	98	2
58	75	28	2
59	3	63	2
60	48	48	1
61	0	43	1
62	20	51	0
63	2	35	2
64	2	95	2
65	27	0	1
66	46	45	1
67	15	85	0
68	24	99	0
69	93	63	0
70	20	101	1
71	69	48	1
72	82	6	1
73	77	36	0
74	21	41	2
75	71	102	1
76	68	18	0
77	39	20	0
78	103	100	0
79	55	103	0
80	54	78	0
81	12	12	1
82	1	10	2
83	96	87	0
84	82	87	1
85	26	88	2
86	27	72	2
87	11	33	1
88	50	91	1
89	52	3	1
90	90	69	2
91	54	25	0
92	84	98	1
93	81	85	0
94	70	75	0
95	50	98	1
96	41	59	0
97	27	101	0
98	56	83	0
99	5	74	2
100	64	64	2
101	4	91	0
102	87	21	1
103	42	93	0
104	0	104	0
105	83	50	2
106	47	0	1
107	77	40	0
108	25	24	1
109	46	47	0
110	80	10	2
111	80	83	1
112	14	47	1
113	61	58	2
114	104	84	0
115	37	98	0
116	97	45	1
117	98	54	0
118	98	59	1
119	83	37	0
120	43	9	2
121	87	18	2
122	70	71	1
123	76	102	0
124	3	69	2
125	9	40	2
126	41	23	0
127	45	89	1
128	25	40	1
129	43	93	1
130	70	51	0
131	51	24	0
132	88	88	0
133	74	102	2
134	96	90	1
135	21	23	2
136	17	69	1
137	46	63	1
138	33	60	1
139	70	6	1
140	28	33	0
141	19	24	0
142	42	27	1
143	23	91	0
144	24	91	2
145	22	78	0
146	55	62	1
147	87	27	0
148	94	40	0
149	81	60	0
150	38	2	1
151	58	81	1
152	97	89	1
153	90	97	1
154	72	55	1
155	62	78	2
156	68	14	2
157	35	22	2
158	20	75	2
159	93	21	2
160	22	25	1
161	81	73	2
162	73	72	1
163	5	92	0
164	24	61	1
165	78	40	2
166	69	57	1
167	29	9	1
168	96	85	0
169	62	60	1
170	5	64	2
171	31	89	0
172	17	97	1
173	56	86	2
174	84	92	0
175	10	1	0
176	84	92	0
177	73	55	0
178	58	92	0
179	24	11	1
180	1	89	1
181	51	68	2
182	90	9	0
183	34	92	0
184	14	41	0
185	49	2	2
186	14	86	0
187	35	66	1
188	67	89	2
189	99	4	2
190	100	103	2
191	9	27	0
192	76	34	0
193	3	77	1
194	82	28	2
195	29	104	0
196	102	97	0
197	30	83	0
198	84	41	0
199	41	102	1
200	75	6	1
201	73	71	2
202	27	53	0
203	18	20	2
204	29	13	2
205	83	59	0
206	33	50	1
207	60	89	0
208	90	64	1
209	104	54	1
210	16	58	0
211	16	37	0
212	18	4	1
213	91	89	2
214	94	102	1
215	63	25	0
216	44	69	0
217	93	60	0
218	49	61	2
219	63	6	1
220	90	11	2
221	102	25	1
222	44	81	2
223	58	71	2
224	102	13	2
225	2	28	1
226	62	50	1
227	100	98	1
228	36	82	2
229	85	90	0
230	92	44	0
231	59	32	0
232	63	63	2
233	48	16	0
234	93	16	0
235	68	48	2
236	100	8	1
237	68	35	2
238	23	51	0
239	102	3	2
240	74	62	1
241	38	30	2
242	9	78	2
243	13	90	1
244	48	54	0
245	93	94	2
246	26	72	0
247	13	89	0
248	96	18	2
249	61	102	2
250	34	91	1
251	58	27	0
252	24	53	1
253	42	8	0
254	102	100	2
255	77	40	1
256	68	37	2
257	66	7	0
258	97	54	2
259	12	77	2
260	23	5	0
261	31	77	2
262	102	12	1
263	56	41	0
264	55	46	2
265	65	21	2
266	31	46	2
267	36	9	0
268	104	45	0
269	8	4	0
270	96	81	2
271	71	55	1
272	49	41	2
273	82	77	0
274	87	13	2
275	32	91	2
276	28	98	2
277	67	78	2
278	32	94	0
279	42	103	1
280	77	97	0
281	39	27	1
282	61	37	0
283	64	15	0
284	2	62	0
285	14	75	1
286	27	63	0
287	83	59	0
288	78	82	0
289	59	59	0
290	27	27	1
291	30	48	2
292	96	68	0
293	42	46	0
294	13	83	1
295	44	31	0
296	10	42	2
297	96	35	0
298	19	99	2
299	43	79	2
300	19	56	0
301	75	102	2
302	61	90	1
303	4	50	1
304	40	31	0
305	40	14	2
306	55	26	0
307	41	93	1
308	30	2	1
309	81	6	0
310	2	73	0
311	70	100	0
312	55	84	1
313	72	51	0
314	76	5	1
315	9	72	0
316	4	84	0
317	3	63	0
318	93	12	1
319	9	56	2
320	24	47	1
321	72	104	2
322	102	21	1
323	77	89	0
324	28	26	2
325	95	101	2
326	93	49	1
327	12	23	2
328	99	68	2
329	100	10	2
330	13	47	0
331	34	71	2
332	102	47	2
333	22	15	0
334	10	92	0
335	49	75	1
336	15	40	2
337	50	60	2
338	59	13	0
339	52	46	0
340	27	67	0
341	24	40	2
342	39	23	0
343	29	34	1
344	21	43	0
345	51	68	2
346	79	50	2
347	60	96	1
348	21	53	0
349	64	9	1
350	27	45	2
351	90	18	0
352	23	67	1
353	82	91	0
354	10	12	0
355	94	75	0
356	96	16	1
357	35	104	2
358	34	20	2
359	80	61	0
360	1	66	1
361	66	66	2
362	42	44	0
363	88	63	0
364	104	59	2
365	17	34	2
366	6	4	0
367	74	71	1
368	33	78	2
369	66	27	1
370	61	6	2
371	6	19	0
372	73	95	2
373	63	65	0
374	36	90	1
375	55	55	0
376	22	5	0
377	102	52	1
378	24	3	0
379	85	39	2
380	73	50	1
381	43	51	2
382	100	79	0
383	45	85	2
384	59	26	1
385	27	49	0
386	60	40	1
387	86	101	2
388	43	47	1
389	36	4	2
390	56	7	1
391	52	24	2
392	32	34	0
393	40	24	0
394	6	28	0
395	97	98	2
396	0	10	0
397	98	66	1
398	88	67	2
399	7	66	1
400	68	2	2
401	24	54	2
402	64	33	2
403	23	40	2
404	68	101	2
405	12	36	2
406	2	75	2
407	70	93	1
408	95	8	0
409	36	74	0
410	74	63	1
411	67	25	1
412	89	44	0
413	67	63	1
414	89	52	0
415	5	72	2
416	82	23	0
417	82	91	1
418	29	84	0
419	75	27	0
420	74	1	2
421	4	28	2
422	92	102	2
423	14	13	2
424	56	34	0
425	31	33	1
426	69	5	1
427	100	13	0
428	52	14	1
429	6	46	0
430	21	68	2
431	61	69	1
432	13	23	2
433	88	94	0
434	26	36	0
435	96	93	2
436	9	14	2
437	66	10	1
438	50	24	2
439	29	100	1
440	104	87	2
441	12	9	2
