1	21	41	1
2	44	24	2
3	25	42	1
4	43	88	1
5	65	3	2
6	12	24	2
7	40	67	0
8	37	47	2
9	36	72	0
10	11	8	0
11	13	87	2
12	51	26	0
13	19	23	2
14	51	39	1
15	37	95	1
16	64	48	0
17	31	44	1
18	46	41	1
19	100	38	1
20	44	70	1
21	79	11	2
22	31	40	2
23	67	8	0
24	34	7	2
25	80	51	1
26	2	24	2
27	37	73	1
28	87	67	1
29	73	17	2
30	31	62	0
31	84	101	1
32	51	74	0
33	85	9	0
34	66	78	1
35	10	78	0
36	78	73	2
37	63	95	1
38	53	95	0
39	100	24	0
40	23	104	1
41	99	85	1
42	82	11	2
43	76	63	2
44	90	18	1
45	72	87	1
46	101	66	0
47	52	51	2
48	63	10	0
49	64	36	0
50	10	25	2
51	4	47	2
52	95	78	2
53	103	65	2
54	20	85	2
55	0	95	1
56	57	92	0
57	51	101	2
58	93	16	0
59	75	26	1
60	22	36	2
61	67	19	0
62	47	84	2
63	31	66	0
64	84	43	2
65	28	27	0
66	20	88	2
67	20	21	0
68	93	28	1
69	103	39	2
70	27	94	0
71	59	74	1
72	30	25	1
73	32	15	0
74	64	4	1
75	69	49	2
76	52	85	0
77	26	0	1
78	65	29	0
79	92	100	1
80	103	70	2
81	64	22	1
82	87	36	2
83	40	101	0
84	81	43	0
85	90	37	1
86	8	23	1
87	91	26	1
88	56	72	0
89	71	1	2
90	10	31	0
91	11	5	0
92	43	81	0
93	55	101	1
94	16	25	0
95	69	49	0
96	62	70	0
97	34	71	0
98	33	100	2
99	80	33	1
100	64	71	1
101	2	95	2
102	40	56	2
103	0	10	1
104	75	67	2
105	29	77	0
106	27	91	2
107	57	63	2
108	52	85	1
109	70	43	1
110	9	97	0
111	24	67	2
112	58	98	2
113	13	58	1
114	37	48	1
115	37	81	1
116	16	39	1
117	94	15	1
118	48	1	0
119	2	27	0
120	3	103	1
121	8	71	1
122	93	100	1
123	66	104	2
124	17	32	2
125	29	96	2
126	34	75	0
127	94	12	0
128	37	90	0
129	1	27	2
130	51	46	2
131	30	95	0
132	70	49	1
133	11	12	1
134	70	44	1
135	9	47	1
136	0	55	1
137	96	90	1
138	50	80	2
139	92	81	2
140	0	46	2
141	38	19	1
142	62	27	0
143	103	94	0
144	100	43	0
145	77	79	2
146	9	2	0
147	84	99	0
148	97	12	2
149	61	21	0
150	46	65	2
151	49	62	0
152	36	82	0
153	104	49	0
154	8	89	2
155	73	85	0
156	88	45	1
157	14	66	0
158	13	72	1
159	50	31	2
160	100	69	0
161	44	22	2
162	78	92	2
163	31	54	0
164	65	104	2
165	33	45	2
166	71	91	2
167	78	29	0
168	22	61	1
169	66	103	0
170	45	51	2
171	77	69	1
172	44	29	2
173	12	15	0
174	17	81	0
175	13	75	2
176	10	9	1
177	20	63	0
178	18	46	2
179	94	5	2
180	26	23	1
181	46	20	2
182	59	36	0
183	96	47	0
184	95	103	2
185	62	22	0
186	62	24	1
187	73	4	2
188	59	73	0
189	104	86	0
190	6	80	1
191	75	61	0
192	76	13	2
193	94	61	2
194	53	77	2
195	22	36	0
196	71	39	1
197	75	81	0
198	46	13	2
199	13	81	2
200	101	69	1
201	7	99	2
202	18	76	2
203	98	5	1
204	53	40	2
205	54	102	2
206	28	11	1
207	62	83	1
208	42	27	1
209	47	49	1
210	81	23	0
211	65	75	2
212	24	32	2
213	40	98	2
214	63	97	1
215	42	3	0
216	33	95	0
217	50	104	0
218	91	98	2
219	75	80	2
220	25	42	0
221	26	24	0
222	81	6	2
223	10	42	1
224	101	99	0
225	83	21	2
226	91	75	1
227	67	52	1
228	37	37	0
229	28	8	0
230	100	74	2
231	31	75	0
232	69	14	1
233	6	61	2
234	70	76	1
235	13	79	1
236	18	5	0
237	72	62	1
238	55	75	0
239	42	74	2
240	49	42	2
241	27	25	0
242	60	22	0
243	63	71	2
244	95	50	1
245	87	27	0
246	6	63	0
247	80	16	2
248	60	51	1
249	71	85	1
250	26	39	0
251	36	69	1
252	1	56	1
253	78	15	1
254	93	40	0
255	91	64	2
256	90	36	0
257	18	36	1
258	97	6	1
259	99	38	2
260	25	57	2
261	60	7	1
262	54	6	2
263	7	43	1
264	21	33	1
265	39	58	1
266	81	92	0
267	17	72	2
268	16	93	1
269	62	23	2
270	75	19	1
271	10	101	2
272	74	26	2
273	88	2	0
274	12	96	2
275	103	74	1
276	81	24	2
277	10	88	1
278	46	90	0
279	37	94	0
280	2	87	0
281	97	29	0
282	5	1	1
283	75	98	2
284	18	104	0
285	43	49	1
286	41	92	2
287	61	98	2
288	11	26	2
289	50	35	0
290	15	41	1
291	9	33	2
292	3	99	2
293	74	22	1
294	19	59	2
295	46	0	0
296	81	24	0
297	65	100	2
298	89	83	2
299	98	48	1
300	98	64	0
301	36	62	2
302	63	37	2
303	38	89	1
304	39	25	2
305	57	39	1
306	27	7	0
307	56	75	1
308	58	48	1
309	104	15	2
310	26	52	1
311	74	87	1
312	0	11	0
313	74	11	1
314	66	63	1
315	16	73	1
316	77	4	0
317	100	104	2
318	89	102	0
319	16	11	2
320	73	66	1
321	35	17	0
322	31	22	1
323	77	89	2
324	89	14	1
325	70	23	0
326	52	99	0
327	56	22	1
328	13	104	2
329	68	46	1
330	66	66	0
331	38	33	0
332	36	77	1
333	10	35	1
334	42	92	0
335	42	73	1
336	89	25	0
337	73	26	2
338	50	46	2
339	34	58	2
340	33	38	2
341	53	52	0
342	37	77	2
343	52	66	0
344	50	95	1
345	94	98	0
346	32	9	0
347	82	30	1
348	101	62	1
349	68	7	2
350	101	27	0
351	45	18	2
352	88	11	2
353	17	41	2
354	16	64	1
355	88	23	0
356	55	98	2
357	103	71	2
358	43	87	2
359	71	20	2
360	57	79	0
361	27	23	0
362	75	27	1
363	22	39	1
364	75	15	1
365	65	28	1
366	15	80	1
367	94	49	1
368	36	92	1
369	57	13	0
370	20	15	1
371	86	62	2
372	42	8	2
373	23	70	1
374	86	56	2
375	73	100	2
376	21	77	0
377	68	100	2
378	25	71	2
379	31	33	2
380	64	50	0
381	58	87	1
382	76	47	2
383	19	62	2
384	34	6	1
385	102	11	2
386	70	63	1
387	63	13	1
388	67	54	1
389	18	98	0
390	90	22	2
391	99	13	1
392	36	29	0
393	6	79	2
394	44	56	0
395	104	46	0
396	28	3	2
397	14	45	2
398	23	49	1
399	31	49	2
400	24	23	1
401	82	90	1
402	89	91	0
403	65	74	0
404	95	92	2
405	42	38	0
406	24	36	0
407	50	70	2
408	16	33	1
409	6	34	0
410	57	6	2
411	78	14	1
412	47	56	1
413	85	14	2
414	63	49	2
415	90	79	2
416	98	60	2
417	37	83	0
418	74	9	0
419	101	77	1
420	76	3	2
421	53	1	1
422	26	11	0
423	7	71	1
424	74	11	2
425	24	34	0
426	74	43	0
427	45	81	0
428	15	34	0
429	51	84	0
430	41	58	1
431	49	69	0
432	44	12	2
433	57	84	0
434	31	22	1
435	68	48	1
436	47	90	2
437	28	103	0
438	44	31	1
439	55	50	2
440	49	92	2
441	12	18	0
