1	74	30	2
2	60	88	1
3	72	102	2
4	59	9	2
5	94	101	0
6	96	81	2
7	19	44	0
8	79	67	2
9	52	58	1
10	67	10	1
11	59	18	0
12	37	12	2
13	62	101	0
14	42	23	1
15	21	0	0
16	39	61	2
17	19	16	1
18	68	100	2
19	81	27	1
20	41	81	1
21	85	22	2
22	37	8	1
23	98	26	0
24	88	7	1
25	11	64	0
26	31	72	2
27	36	21	1
28	65	27	2
29	14	101	0
30	36	68	2
31	26	97	1
32	23	74	1
33	25	102	0
34	72	88	1
35	88	43	1
36	94	80	1
37	26	43	1
38	46	12	2
39	14	3	2
40	47	63	0
41	35	68	2
42	77	37	1
43	83	28	2
44	69	17	1
45	98	78	1
46	49	57	2
47	14	73	1
48	85	24	1
49	39	57	2
50	75	1	2
51	84	49	2
52	4	89	2
53	21	91	0
54	71	63	0
55	54	5	0
56	79	20	2
57	54	58	1
58	85	27	0
59	37	73	0
60	62	31	2
61	76	57	2
62	24	87	0
63	15	5	0
64	45	40	2
65	81	72	2
66	51	26	0
67	9	50	0
68	4	54	2
69	31	77	0
70	77	17	0
71	6	55	2
72	2	95	1
73	98	64	2
74	34	65	2
75	56	44	2
76	90	1	0
77	100	1	2
78	84	7	0
79	7	64	0
80	58	61	1
81	99	62	1
82	55	51	0
83	11	36	1
84	25	1	2
85	11	78	0
86	49	94	2
87	59	10	1
88	100	17	2
89	69	25	0
90	42	91	0
91	1	97	0
92	30	71	2
93	7	79	2
94	41	3	0
95	29	93	0
96	75	78	1
97	34	50	1
98	34	78	2
99	35	88	0
100	51	82	0
101	11	51	1
102	58	64	2
103	66	62	0
104	103	83	1
105	75	22	2
106	45	62	0
107	84	39	0
108	54	57	2
109	43	67	1
110	64	57	1
111	55	29	0
112	47	91	0
113	71	98	2
114	44	101	2
115	36	103	0
116	59	20	1
117	86	52	1
118	4	55	1
119	27	101	2
120	45	29	1
121	4	47	0
122	76	3	0
123	61	102	0
124	69	66	1
125	7	4	0
126	43	18	2
127	87	42	0
128	101	42	0
129	92	17	1
130	58	74	1
131	89	43	0
132	44	21	1
133	48	80	2
134	17	48	1
135	6	77	0
136	98	64	1
137	52	90	2
138	95	61	0
139	93	34	2
140	44	16	0
141	70	55	0
142	31	75	2
143	64	34	2
144	45	38	2
145	35	8	1
146	5	75	2
147	62	86	0
148	13	101	1
149	56	11	2
150	50	59	2
151	19	1	0
152	74	48	1
153	73	35	0
154	75	33	2
155	24	73	1
156	0	71	2
157	59	10	2
158	49	36	1
159	97	38	1
160	53	47	2
161	29	85	1
162	10	23	1
163	91	15	0
164	34	23	0
165	81	102	2
166	23	22	2
167	72	94	2
168	91	1	1
169	76	40	2
170	46	77	1
171	97	21	1
172	80	69	1
173	10	84	0
174	15	84	2
175	15	23	2
176	48	12	0
177	25	103	1
178	14	82	2
179	15	65	0
180	88	51	1
181	72	50	0
182	57	13	1
183	80	14	2
184	46	36	0
185	31	59	2
186	92	94	1
187	31	9	1
188	79	88	1
189	8	82	2
190	75	36	1
191	103	43	1
192	88	61	0
193	60	35	2
194	23	17	0
195	7	83	2
196	8	93	0
197	34	71	2
198	52	67	1
199	95	19	2
200	76	74	1
201	44	27	1
202	0	101	1
203	12	74	2
204	10	38	0
205	83	30	2
206	35	82	1
207	19	15	2
208	51	53	1
209	44	43	0
210	75	9	1
211	40	57	0
212	26	62	1
213	75	49	1
214	68	63	1
215	46	15	1
216	46	29	1
217	84	78	2
218	77	65	1
219	82	44	1
220	67	25	0
221	63	93	1
222	55	46	0
223	43	2	1
224	22	32	1
225	44	37	2
226	83	62	2
227	76	61	2
228	75	37	2
229	0	91	0
230	28	17	1
231	18	103	0
232	52	23	2
233	61	38	2
234	71	87	0
235	18	80	2
236	83	29	2
237	102	45	1
238	17	24	0
239	83	72	2
240	44	82	2
241	13	89	1
242	32	55	2
243	54	59	2
244	23	50	2
245	96	1	2
246	6	5	1
247	9	69	1
248	50	50	0
249	58	27	1
250	82	81	2
251	60	55	1
252	81	52	2
253	13	24	1
254	59	10	2
255	94	12	0
256	25	8	0
257	1	53	0
258	73	87	0
259	53	49	0
260	59	25	2
261	90	90	2
262	95	27	0
263	68	18	2
264	48	95	0
265	7	87	1
266	0	9	0
267	70	72	0
268	84	58	1
269	100	94	1
270	26	24	1
271	19	83	2
272	34	14	0
273	17	34	2
274	64	29	1
275	82	8	0
276	50	42	0
277	36	37	0
278	78	25	1
279	64	26	2
280	81	2	1
281	64	17	2
282	90	91	2
283	50	27	2
284	75	86	2
285	43	96	0
286	78	28	0
287	56	20	1
288	6	37	0
289	57	59	2
290	81	87	1
291	57	29	0
292	6	87	2
293	11	70	0
294	64	13	2
295	101	27	1
296	59	102	2
297	23	101	2
298	16	69	2
299	14	20	1
300	55	33	1
301	47	56	2
302	8	0	1
303	0	10	2
304	3	67	2
305	57	82	2
306	65	96	0
307	1	29	0
308	95	102	1
309	89	34	2
310	80	88	1
311	81	5	2
312	78	68	2
313	90	67	2
314	22	2	0
315	53	14	2
316	26	96	2
317	53	44	2
318	38	87	0
319	58	4	0
320	39	15	0
321	29	18	1
322	79	91	0
323	17	26	2
324	102	3	1
325	35	50	1
326	4	100	0
327	39	13	0
328	102	1	1
329	27	42	2
330	53	94	0
331	93	7	0
332	59	92	2
333	7	28	0
334	26	92	1
335	16	36	2
336	29	36	2
337	84	104	2
338	41	21	0
339	79	67	1
340	62	24	1
341	44	4	0
342	47	33	1
343	30	1	2
344	68	88	0
345	65	50	1
346	80	25	0
347	49	64	2
348	7	85	0
349	16	45	1
350	60	53	2
351	18	82	2
352	44	63	1
353	104	8	2
354	93	86	2
355	14	54	0
356	46	80	1
357	50	15	1
358	25	59	1
359	49	39	2
360	41	95	0
361	68	6	1
362	61	27	1
363	55	2	2
364	91	5	2
365	78	37	1
366	52	71	2
367	103	38	0
368	46	101	1
369	64	37	1
370	92	5	1
371	71	40	2
372	0	16	1
373	42	89	1
374	95	61	0
375	20	7	0
376	88	16	0
377	70	62	0
378	41	80	2
379	57	96	0
380	91	10	1
381	22	18	1
382	13	88	0
383	60	59	1
384	89	53	2
385	92	34	2
386	65	22	0
387	102	60	1
388	27	36	0
389	75	7	0
390	74	71	2
391	99	34	2
392	92	28	2
393	78	85	2
394	66	61	1
395	79	38	0
396	6	40	0
397	87	38	0
398	66	45	2
399	69	40	0
400	81	34	2
401	19	72	1
402	41	54	0
403	69	68	2
404	9	62	1
405	28	55	0
406	63	35	2
407	88	76	2
408	78	68	1
409	21	85	0
410	57	21	0
411	79	72	2
412	48	50	2
413	38	54	2
414	103	104	1
415	99	15	0
416	10	32	2
417	4	55	2
418	63	75	0
419	103	63	1
420	15	23	1
421	80	16	0
422	87	8	0
423	39	57	1
424	88	56	1
425	5	65	2
426	58	41	1
427	89	79	1
428	49	2	0
429	97	44	1
430	64	38	1
431	71	56	2
432	20	23	1
433	55	48	2
434	64	23	0
435	40	87	0
436	90	14	2
437	98	29	2
438	44	46	2
439	7	104	0
440	86	74	1
441	10	56	2
