1	92	18	0
2	4	5	2
3	77	43	0
4	31	51	1
5	71	82	1
6	82	4	0
7	72	83	1
8	65	17	2
9	76	83	0
10	2	96	2
11	8	25	2
12	49	85	0
13	93	42	0
14	72	16	2
15	18	17	2
16	3	63	0
17	15	59	0
18	42	54	0
19	65	22	2
20	57	87	2
21	35	74	2
22	97	41	2
23	84	77	1
24	68	77	0
25	31	66	1
26	23	61	1
27	21	24	0
28	21	87	0
29	96	89	1
30	70	1	0
31	6	96	0
32	32	104	1
33	98	89	0
34	9	32	1
35	28	18	2
36	79	27	2
37	80	38	2
38	12	93	0
39	46	1	0
40	82	28	1
41	55	29	0
42	57	35	2
43	104	46	0
44	54	83	2
45	84	101	2
46	53	15	2
47	25	70	1
48	61	7	2
49	66	0	2
50	37	101	0
51	71	48	2
52	35	33	0
53	81	0	1
54	58	35	1
55	83	104	0
56	2	104	2
57	17	88	0
58	37	89	2
59	70	19	0
60	24	53	2
61	28	12	0
62	74	10	0
63	104	89	0
64	37	5	0
65	15	28	0
66	67	83	2
67	7	97	2
68	85	6	2
69	75	40	1
70	58	81	2
71	12	22	0
72	34	68	0
73	77	25	1
74	62	35	0
75	92	94	1
76	53	103	2
77	59	13	1
78	70	81	0
79	55	71	2
80	27	13	1
81	33	45	1
82	6	36	0
83	78	45	2
84	77	15	1
85	44	91	2
86	22	81	1
87	11	30	1
88	55	31	2
89	84	26	1
90	97	93	0
91	54	82	2
92	40	39	2
93	4	1	1
94	44	40	2
95	18	81	1
96	68	84	0
97	36	17	1
98	104	97	1
99	55	91	1
100	101	63	2
101	51	75	2
102	86	62	1
103	88	78	1
104	10	13	0
105	74	7	0
106	96	67	1
107	34	102	2
108	46	59	2
109	56	94	1
110	40	14	0
111	9	49	2
112	25	30	2
113	99	53	0
114	96	71	1
115	11	53	2
116	64	86	0
117	73	58	1
118	13	17	1
119	90	37	1
120	90	10	1
121	98	18	1
122	21	34	2
123	3	86	0
124	55	81	1
125	78	29	0
126	94	95	2
127	65	81	0
128	40	50	2
129	98	82	2
130	5	93	2
131	63	5	2
132	22	25	2
133	13	38	1
134	3	56	0
135	90	69	1
136	26	87	2
137	9	67	1
138	1	26	2
139	38	73	1
140	101	46	2
141	35	93	2
142	42	15	0
143	76	71	1
144	70	68	0
145	53	4	1
146	58	74	1
147	97	13	1
148	9	67	2
149	38	91	0
150	77	56	1
151	35	84	1
152	60	39	0
153	58	25	0
154	70	33	0
155	45	50	0
156	37	11	0
157	50	41	2
158	93	20	1
159	82	5	0
160	77	11	0
161	20	89	1
162	3	34	2
163	1	43	2
164	21	27	1
165	94	39	0
166	7	65	0
167	35	44	2
168	1	90	0
169	49	66	1
170	36	59	1
171	12	6	2
172	23	18	0
173	68	94	1
174	97	40	1
175	85	71	2
176	46	87	0
177	93	21	2
178	82	43	1
179	100	31	2
180	54	62	0
181	52	49	1
182	45	33	2
183	96	38	2
184	51	97	0
185	62	81	0
186	46	37	2
187	69	12	1
188	45	63	0
189	80	91	2
190	53	60	0
191	2	29	2
192	104	47	1
193	74	23	0
194	75	32	1
195	75	44	2
196	4	31	1
197	73	74	0
198	78	52	1
199	10	33	1
200	102	41	2
201	63	73	1
202	40	102	1
203	101	46	2
204	26	88	0
205	19	33	2
206	18	60	1
207	89	46	1
208	65	74	2
209	74	104	2
210	44	96	0
211	75	19	1
212	3	57	1
213	49	49	2
214	47	36	0
215	67	4	2
216	47	6	2
217	52	22	0
218	102	70	0
219	83	42	2
220	95	72	0
221	87	54	2
222	34	41	1
223	70	8	0
224	91	70	0
225	10	104	0
226	73	24	0
227	90	74	0
228	65	19	2
229	101	36	2
230	47	66	1
231	34	94	2
232	104	5	2
233	46	100	1
234	104	87	1
235	15	49	0
236	30	77	1
237	79	65	2
238	33	74	1
239	44	5	1
240	42	5	2
241	0	85	0
242	27	66	2
243	69	29	1
244	31	57	1
245	35	40	0
246	28	55	1
247	91	62	1
248	13	51	0
249	94	104	1
250	57	10	0
251	80	59	0
252	76	94	0
253	102	24	0
254	83	37	0
255	38	53	1
256	20	103	2
257	50	104	1
258	8	24	1
259	71	57	0
260	68	43	0
261	25	86	0
262	83	46	0
263	10	98	2
264	46	93	1
265	39	47	2
266	18	56	2
267	0	6	2
268	43	11	0
269	90	10	1
270	11	24	0
271	41	46	0
272	9	57	1
273	73	36	2
274	62	75	1
275	41	77	1
276	72	70	2
277	89	24	1
278	38	83	0
279	32	22	0
280	12	15	2
281	98	54	2
282	57	10	1
283	97	96	2
284	15	101	2
285	77	13	2
286	85	80	0
287	72	29	1
288	49	60	1
289	72	46	2
290	83	68	0
291	52	85	1
292	56	87	2
293	99	59	1
294	60	92	2
295	86	16	1
296	7	25	0
297	57	49	1
298	104	74	1
299	36	41	2
300	77	52	0
301	74	37	0
302	87	93	1
303	50	104	1
304	20	10	1
305	23	6	2
306	57	36	2
307	76	97	0
308	41	11	0
309	95	57	2
310	81	91	2
311	28	3	0
312	98	100	1
313	80	72	2
314	83	39	0
315	50	22	2
316	65	100	2
317	47	100	0
318	10	5	0
319	0	32	0
320	71	92	2
321	100	17	0
322	42	59	0
323	21	42	1
324	55	44	2
325	97	7	1
326	42	104	2
327	3	94	2
328	51	67	2
329	83	71	1
330	25	62	1
331	67	25	1
332	27	12	0
333	90	52	0
334	78	46	0
335	42	71	1
336	86	103	0
337	34	10	1
338	14	71	1
339	11	76	0
340	21	86	0
341	17	2	1
342	30	39	1
343	33	96	0
344	86	104	1
345	37	16	0
346	55	36	2
347	94	59	2
348	73	93	1
349	44	89	2
350	33	37	0
351	1	98	0
352	7	70	2
353	96	67	1
354	10	25	2
355	62	67	1
356	52	46	2
357	89	28	2
358	36	39	2
359	57	26	0
360	83	23	0
361	3	59	0
362	38	31	1
363	41	86	0
364	37	94	2
365	88	31	2
366	63	80	0
367	86	49	1
368	52	2	1
369	99	14	2
370	82	51	0
371	43	56	0
372	6	100	0
373	48	98	0
374	52	90	0
375	78	31	2
376	104	15	1
377	59	81	0
378	33	51	2
379	24	16	1
380	88	31	1
381	23	50	0
382	1	93	1
383	37	92	2
384	45	78	1
385	4	48	0
386	87	33	2
387	96	68	0
388	88	34	1
389	10	92	2
390	49	6	2
391	25	18	2
392	36	41	1
393	94	88	2
394	103	7	1
395	104	2	2
396	54	59	1
397	10	76	1
398	59	101	2
399	51	104	2
400	51	72	0
401	69	84	2
402	27	46	1
403	64	86	0
404	20	61	1
405	51	65	2
406	65	86	2
407	1	75	0
408	41	57	2
409	70	33	2
410	12	57	2
411	79	101	1
412	32	94	1
413	11	94	1
414	7	36	0
415	18	10	1
416	22	11	1
417	72	91	1
418	87	27	0
419	38	24	0
420	68	89	2
421	51	91	0
422	79	56	0
423	21	86	0
424	55	8	1
425	23	47	1
426	58	32	2
427	100	4	0
428	74	53	2
429	26	53	2
430	54	102	1
431	86	20	0
432	91	49	1
433	59	34	0
434	17	54	2
435	92	67	0
436	65	92	2
437	58	83	2
438	84	75	0
439	90	23	1
440	94	56	1
441	68	46	0
