1	19	11	2
2	45	4	0
3	73	13	0
4	101	15	0
5	1	11	1
6	98	72	2
7	2	13	1
8	11	66	1
9	38	8	1
10	10	94	0
11	69	9	2
12	62	29	1
13	19	90	2
14	70	83	2
15	85	48	2
16	72	48	1
17	104	54	1
18	32	5	0
19	72	62	0
20	93	66	0
21	87	28	0
22	3	29	0
23	2	17	2
24	35	18	2
25	79	42	0
26	104	17	0
27	65	4	2
28	93	8	1
29	59	35	2
30	3	26	1
31	32	25	0
32	57	101	2
33	65	43	2
34	11	78	0
35	78	72	2
36	1	75	0
37	86	70	0
38	36	79	0
39	57	77	2
40	17	1	0
41	60	64	0
42	95	103	0
43	71	84	1
44	98	2	2
45	48	0	2
46	22	0	2
47	1	10	2
48	67	57	0
49	56	52	1
50	35	81	2
51	10	33	0
52	18	60	1
53	69	63	2
54	99	62	2
55	7	5	1
56	87	35	0
57	81	96	0
58	18	5	1
59	69	61	2
60	98	67	1
61	22	73	2
62	42	12	2
63	59	49	0
64	100	20	1
65	64	90	2
66	63	42	2
67	67	24	1
68	89	75	0
69	91	88	0
70	92	62	1
71	58	93	0
72	28	39	2
73	62	18	1
74	39	6	0
75	17	67	0
76	21	62	2
77	18	23	2
78	33	31	1
79	61	20	1
80	60	79	2
81	7	49	0
82	31	71	2
83	58	12	0
84	22	72	2
85	4	61	2
86	21	84	1
87	79	64	1
88	87	3	2
89	45	23	2
90	54	75	2
91	81	48	1
92	10	91	0
93	103	103	1
94	103	92	1
95	42	39	2
96	69	65	2
97	49	93	2
98	93	82	0
99	39	31	0
100	53	77	2
101	93	81	2
102	84	72	2
103	10	40	1
104	51	71	2
105	56	103	2
106	65	28	0
107	79	1	2
108	14	25	2
109	91	52	0
110	59	10	2
111	96	39	0
112	82	61	0
113	76	5	2
114	76	84	0
115	62	65	0
116	38	54	1
117	44	101	0
118	73	35	0
119	66	85	2
120	77	28	0
121	32	43	2
122	80	44	1
123	60	19	2
124	18	9	0
125	9	102	2
126	104	4	1
127	36	84	1
128	48	103	1
129	33	34	1
130	15	49	1
131	34	6	1
132	49	102	1
133	44	53	0
134	59	43	2
135	39	6	1
136	0	104	1
137	99	50	2
138	67	89	2
139	94	14	0
140	23	63	1
141	43	91	0
142	76	85	1
143	45	32	2
144	36	78	1
145	2	30	0
146	68	47	1
147	81	80	0
148	83	27	0
149	93	28	2
150	82	45	0
151	101	69	1
152	71	37	1
153	80	23	0
154	92	30	1
155	91	74	2
156	32	101	2
157	85	88	0
158	8	72	2
159	57	47	1
160	37	8	0
161	75	34	2
162	5	29	0
163	8	41	2
164	24	15	2
165	76	90	2
166	47	86	2
167	25	63	1
168	37	60	1
169	20	39	2
170	79	36	1
171	46	81	2
172	69	15	0
173	76	46	0
174	71	67	1
175	43	16	2
176	42	6	2
177	15	85	1
178	25	66	2
179	45	57	2
180	93	97	2
181	14	70	1
182	100	10	1
183	51	5	2
184	66	49	0
185	104	36	2
186	58	94	1
187	49	66	2
188	1	73	2
189	1	62	1
190	68	87	1
191	74	21	0
192	89	91	1
193	71	12	1
194	64	70	0
195	95	93	1
196	46	63	1
197	0	86	2
198	101	22	0
199	66	19	1
200	84	76	2
201	6	91	1
202	22	67	2
203	49	42	1
204	22	61	2
205	44	77	2
206	6	101	2
207	88	40	2
208	70	91	2
209	24	51	1
210	40	82	0
211	95	24	1
212	25	84	0
213	60	95	1
214	18	40	0
215	7	40	0
216	57	13	0
217	7	5	1
218	43	18	1
219	83	80	0
220	99	57	0
221	57	70	2
222	25	87	1
223	20	68	0
224	89	98	2
225	33	84	2
226	92	71	0
227	95	104	2
228	89	91	1
229	58	58	1
230	49	69	0
231	79	13	1
232	79	49	1
233	64	90	0
234	55	39	1
235	85	45	1
236	64	76	1
237	48	64	0
238	75	41	0
239	43	81	0
240	87	69	0
241	18	70	1
242	77	97	1
243	75	78	2
244	35	44	1
245	101	65	0
246	66	104	2
247	31	64	0
248	70	93	0
249	42	51	1
250	92	74	0
251	19	99	0
252	70	37	0
253	102	75	1
254	91	21	2
255	22	43	2
256	74	32	2
257	1	13	2
258	20	76	2
259	12	29	2
260	24	23	2
261	2	75	2
262	41	22	0
263	19	52	2
264	21	85	0
265	41	94	2
266	88	31	1
267	90	61	2
268	47	60	0
269	38	33	1
270	44	48	2
271	71	9	0
272	0	52	2
273	64	4	0
274	78	26	0
275	61	77	2
276	79	61	2
277	86	53	2
278	56	73	0
279	3	74	1
280	8	79	2
281	12	40	1
282	11	5	1
283	57	39	0
284	46	102	1
285	24	4	2
286	89	86	0
287	88	81	1
288	103	79	1
289	91	82	1
290	3	83	0
291	69	103	0
292	36	44	0
293	22	68	1
294	62	31	2
295	95	100	1
296	4	40	1
297	24	65	0
298	70	40	2
299	27	69	2
300	44	27	2
301	79	71	0
302	64	62	1
303	78	44	1
304	79	31	2
305	32	56	0
306	23	69	1
307	87	7	2
308	5	86	0
309	98	94	0
310	81	83	2
311	82	9	0
312	15	0	1
313	89	80	1
314	75	65	1
315	62	46	1
316	90	6	2
317	49	101	0
318	92	84	1
319	20	98	1
320	11	46	0
321	89	81	1
322	11	56	2
323	39	31	1
324	73	23	0
325	41	93	0
326	3	83	0
327	75	17	0
328	89	15	1
329	75	55	2
330	65	68	2
331	26	97	2
332	17	87	1
333	36	30	0
334	70	42	0
335	70	79	1
336	2	41	2
337	42	103	2
338	97	93	0
339	92	41	0
340	52	50	1
341	74	83	0
342	17	45	0
343	84	103	2
344	89	84	0
345	76	32	1
346	76	48	1
347	99	46	2
348	78	56	1
349	65	21	2
350	16	47	2
351	78	79	2
352	11	89	0
353	73	53	1
354	5	37	1
355	45	97	1
356	26	98	0
357	36	38	0
358	64	88	1
359	7	58	2
360	4	41	1
361	23	0	2
362	30	100	0
363	30	99	0
364	82	75	0
365	26	69	0
366	8	98	0
367	102	12	2
368	34	88	2
369	84	62	0
370	42	82	0
371	12	96	0
372	71	57	2
373	91	94	0
374	64	48	0
375	63	29	0
376	6	55	0
377	72	74	0
378	71	18	0
379	88	17	2
380	45	22	0
381	34	69	2
382	39	52	2
383	31	25	1
384	86	60	0
385	34	61	1
386	77	85	2
387	30	6	1
388	1	60	0
389	41	73	2
390	66	29	0
391	60	77	0
392	104	88	1
393	91	69	2
394	44	72	0
395	6	42	1
396	21	51	1
397	63	66	0
398	28	90	0
399	76	38	2
400	92	92	2
401	67	5	1
402	96	99	0
403	0	7	0
404	53	77	0
405	39	49	0
406	61	92	0
407	96	93	1
408	86	45	0
409	102	9	1
410	64	15	1
411	31	87	1
412	22	30	2
413	25	45	2
414	56	25	1
415	36	14	2
416	30	22	1
417	97	8	1
418	62	18	1
419	71	35	0
420	101	33	2
421	75	79	1
422	62	86	2
423	92	44	2
424	80	14	1
425	42	81	0
426	55	72	0
427	73	39	2
428	18	35	2
429	70	18	2
430	59	57	1
431	85	47	2
432	97	104	1
433	86	28	0
434	7	36	1
435	30	78	0
436	60	93	0
437	21	84	1
438	17	77	1
439	64	77	2
440	70	49	1
441	44	53	2
