1	60	98	1
2	36	90	2
3	51	63	2
4	15	46	1
5	67	86	1
6	55	70	0
7	28	80	0
8	51	46	2
9	29	84	0
10	71	99	1
11	25	97	0
12	63	84	0
13	88	67	2
14	104	68	2
15	1	69	1
16	81	88	0
17	29	59	0
18	6	8	1
19	67	66	0
20	13	20	2
21	3	71	0
22	4	83	0
23	4	16	0
24	1	64	0
25	59	0	0
26	53	44	1
27	61	100	0
28	86	63	1
29	17	8	0
30	67	102	0
31	67	84	2
32	43	92	1
33	64	52	2
34	8	33	2
35	67	69	0
36	74	12	1
37	64	28	0
38	62	93	2
39	55	38	2
40	31	36	0
41	7	99	0
42	98	49	0
43	21	30	1
44	74	15	0
45	70	76	2
46	56	51	1
47	18	13	0
48	85	16	0
49	55	68	2
50	20	35	1
51	77	97	2
52	92	2	1
53	41	79	1
54	63	59	0
55	65	81	2
56	77	96	1
57	77	16	0
58	36	22	2
59	73	7	1
60	72	82	0
61	24	68	1
62	64	89	0
63	72	98	1
64	85	95	1
65	57	3	2
66	4	90	0
67	30	52	1
68	30	36	2
69	79	95	0
70	86	85	1
71	62	48	0
72	79	7	0
73	98	35	0
74	40	6	0
75	100	102	0
76	10	65	1
77	12	14	0
78	65	3	2
79	84	100	0
80	3	94	0
81	97	16	0
82	2	8	1
83	71	75	2
84	28	25	2
85	71	59	0
86	41	26	2
87	23	48	1
88	26	33	1
89	7	11	1
90	15	95	0
91	9	79	1
92	79	74	2
93	24	69	1
94	40	95	2
95	35	40	2
96	6	88	0
97	14	3	1
98	22	32	0
99	49	30	1
100	50	73	2
101	73	64	0
102	51	70	1
103	5	27	2
104	100	91	2
105	61	88	1
106	26	82	2
107	92	22	1
108	85	14	2
109	87	46	1
110	27	55	1
111	103	3	2
112	43	47	2
113	1	11	1
114	93	81	2
115	85	19	2
116	35	68	1
117	12	50	2
118	15	14	1
119	67	28	0
120	4	18	0
121	52	63	2
122	14	84	1
123	70	44	2
124	17	44	1
125	63	69	2
126	51	48	0
127	72	41	2
128	42	45	0
129	75	82	2
130	20	32	1
131	45	90	2
132	5	46	0
133	83	50	1
134	41	14	2
135	62	104	0
136	89	96	0
137	84	103	1
138	91	50	2
139	88	59	1
140	2	51	0
141	44	27	2
142	43	102	1
143	8	7	0
144	27	34	2
145	90	82	0
146	104	46	1
147	87	21	2
148	16	58	1
149	56	102	2
150	31	2	0
151	85	58	1
152	58	22	1
153	103	46	0
154	28	83	0
155	68	86	2
156	30	79	2
157	60	99	2
158	44	28	0
159	35	72	0
160	1	48	1
161	29	39	0
162	35	29	2
163	0	57	2
164	10	42	2
165	10	54	0
166	82	70	1
167	21	99	2
168	17	43	2
169	27	30	2
170	92	61	2
171	50	9	1
172	79	83	1
173	5	37	1
174	39	22	1
175	31	37	0
176	28	17	2
177	15	60	0
178	44	53	0
179	12	26	0
180	20	102	2
181	39	35	2
182	3	70	2
183	92	62	2
184	85	101	1
185	87	75	2
186	31	34	0
187	51	67	1
188	41	91	2
189	98	4	0
190	66	23	0
191	56	99	2
192	6	21	2
193	12	25	2
194	31	25	2
195	91	94	1
196	68	31	1
197	31	77	1
198	28	73	2
199	91	50	2
200	92	5	2
201	103	47	1
202	29	97	0
203	60	12	2
204	61	15	1
205	57	31	1
206	43	82	0
207	39	75	2
208	19	41	1
209	17	20	1
210	31	26	0
211	77	7	0
212	15	1	0
213	58	68	2
214	102	60	0
215	55	5	1
216	29	50	0
217	14	29	2
218	20	74	1
219	22	92	2
220	70	58	2
221	55	79	2
222	84	85	2
223	57	27	2
224	79	19	0
225	70	33	0
226	68	46	2
227	52	35	0
228	73	49	2
229	58	87	0
230	81	11	0
231	101	53	2
232	19	87	0
233	56	13	2
234	89	9	0
235	7	69	2
236	17	15	0
237	20	70	2
238	0	20	0
239	62	32	0
240	50	59	1
241	43	1	1
242	39	0	0
243	95	84	1
244	68	66	2
245	97	61	1
246	2	84	1
247	102	2	1
248	104	61	0
249	50	85	1
250	52	67	1
251	6	36	1
252	96	69	2
253	27	51	2
254	59	94	2
255	100	20	1
256	32	103	1
257	101	102	2
258	24	49	2
259	72	6	1
260	55	85	0
261	7	21	1
262	24	10	2
263	21	70	2
264	95	94	1
265	66	5	0
266	16	75	2
267	88	17	1
268	53	104	1
269	86	55	2
270	84	42	1
271	43	11	2
272	46	89	1
273	52	49	1
274	12	88	1
275	53	36	1
276	37	37	0
277	67	56	2
278	53	22	0
279	96	71	1
280	85	46	1
281	88	61	2
282	17	104	0
283	93	8	0
284	57	15	1
285	93	14	2
286	43	39	1
287	2	86	2
288	46	17	2
289	32	56	2
290	58	40	0
291	56	45	0
292	66	19	0
293	61	13	1
294	17	91	0
295	46	39	0
296	20	53	1
297	68	92	0
298	79	81	0
299	92	67	1
300	43	25	1
301	11	92	0
302	85	68	0
303	104	18	0
304	35	2	2
305	30	62	1
306	77	82	0
307	67	95	0
308	24	96	0
309	45	19	1
310	23	14	2
311	69	48	2
312	33	55	1
313	100	50	0
314	73	50	0
315	98	11	1
316	79	92	2
317	44	77	2
318	89	51	2
319	7	77	1
320	21	67	0
321	48	29	2
322	69	85	2
323	65	46	2
324	74	99	2
325	26	10	1
326	77	42	0
327	25	89	1
328	95	102	2
329	79	78	0
330	91	77	1
331	55	54	1
332	25	11	2
333	10	54	0
334	22	104	2
335	1	30	1
336	72	103	2
337	32	16	1
338	104	3	0
339	53	76	1
340	27	102	0
341	99	91	2
342	82	26	0
343	22	64	0
344	103	6	2
345	78	98	0
346	49	86	2
347	12	97	0
348	88	66	0
349	19	13	1
350	64	52	1
351	85	101	2
352	49	75	1
353	31	13	2
354	66	80	1
355	78	1	2
356	58	34	0
357	69	103	1
358	75	65	2
359	40	16	1
360	86	98	0
361	45	98	2
362	100	84	2
363	49	13	2
364	96	101	1
365	8	90	1
366	19	31	0
367	7	35	1
368	48	2	0
369	3	40	0
370	46	78	2
371	43	70	1
372	103	94	2
373	46	13	2
374	89	73	2
375	50	32	1
376	45	97	1
377	18	74	1
378	93	5	1
379	57	12	2
380	5	89	1
381	72	64	1
382	72	74	1
383	95	80	2
384	49	46	1
385	41	64	0
386	14	55	2
387	41	99	1
388	85	83	1
389	104	74	1
390	74	83	1
391	48	67	0
392	2	86	1
393	20	74	0
394	101	75	1
395	50	63	0
396	31	16	2
397	24	62	1
398	57	13	2
399	27	17	0
400	75	95	2
401	27	101	1
402	20	53	2
403	51	37	0
404	32	10	2
405	30	40	0
406	81	47	0
407	34	45	0
408	35	4	1
409	21	31	1
410	67	30	0
411	43	81	1
412	78	52	1
413	86	27	2
414	77	21	0
415	72	29	2
416	33	29	1
417	38	33	0
418	48	17	1
419	46	59	1
420	87	57	0
421	90	9	0
422	8	53	1
423	79	12	1
424	11	7	1
425	102	91	0
426	20	63	1
427	63	24	2
428	59	49	1
429	94	52	2
430	93	2	2
431	22	42	2
432	73	64	0
433	101	73	1
434	64	37	2
435	34	28	1
436	36	10	0
437	32	90	2
438	78	25	2
439	1	97	2
440	11	49	0
441	47	37	2
