1	63	18	0
2	56	86	1
3	67	23	1
4	25	55	0
5	67	79	0
6	4	9	1
7	57	93	2
8	21	76	0
9	68	47	1
10	60	94	0
11	13	8	1
12	11	92	2
13	77	91	0
14	7	97	2
15	55	44	2
16	79	21	0
17	1	0	1
18	77	5	2
19	88	92	2
20	98	64	1
21	88	41	1
22	80	28	1
23	59	57	0
24	87	88	2
25	35	91	2
26	38	35	2
27	63	35	1
28	40	8	2
29	66	88	2
30	83	1	2
31	49	99	1
32	51	90	0
33	22	87	0
34	19	44	0
35	97	51	0
36	38	82	1
37	38	40	0
38	73	92	0
39	8	1	2
40	67	23	2
41	97	23	1
42	12	99	0
43	84	25	1
44	21	64	1
45	19	30	1
46	24	68	2
47	48	92	2
48	3	74	0
49	74	85	1
50	71	46	1
51	70	70	2
52	48	51	2
53	41	80	1
54	92	58	2
55	61	27	1
56	46	41	1
57	34	96	2
58	74	41	2
59	55	1	1
60	76	53	1
61	59	53	1
62	97	11	1
63	65	80	2
64	2	14	2
65	83	69	0
66	62	36	1
67	39	1	0
68	47	71	2
69	52	13	1
70	30	104	0
71	14	96	0
72	22	16	1
73	18	25	2
74	70	100	2
75	32	64	1
76	104	27	0
77	4	23	0
78	63	51	2
79	91	56	0
80	90	81	2
81	16	87	2
82	95	81	2
83	13	82	2
84	12	9	0
85	101	33	1
86	57	100	2
87	18	10	0
88	86	81	1
89	3	28	2
90	88	19	2
91	57	12	2
92	7	20	1
93	65	70	1
94	34	31	2
95	66	102	0
96	44	53	1
97	67	77	2
98	21	19	0
99	66	23	2
100	66	45	2
101	74	24	2
102	35	36	0
103	74	22	0
104	93	84	0
105	24	89	1
106	78	32	2
107	1	90	0
108	46	73	1
109	104	49	0
110	66	47	1
111	30	65	0
112	96	69	1
113	72	61	0
114	22	0	1
115	45	26	1
116	30	7	2
117	36	73	0
118	47	42	1
119	78	91	0
120	50	9	2
121	5	83	1
122	94	104	1
123	42	38	0
124	52	67	0
125	70	90	1
126	96	84	1
127	21	100	0
128	91	50	1
129	0	12	1
130	25	20	2
131	11	75	2
132	77	50	2
133	76	52	1
134	54	27	0
135	43	89	0
136	60	29	2
137	68	103	2
138	100	56	2
139	33	16	2
140	41	46	0
141	14	96	0
142	94	35	2
143	61	11	0
144	71	5	1
145	32	67	2
146	91	96	1
147	95	4	2
148	32	78	1
149	30	11	0
150	95	70	2
151	103	67	1
152	42	29	0
153	20	26	1
154	22	101	0
155	79	63	0
156	66	1	2
157	61	83	1
158	102	13	1
159	81	74	0
160	13	34	0
161	37	104	1
162	51	50	0
163	41	4	1
164	44	56	0
165	94	103	2
166	33	87	2
167	89	28	2
168	67	5	0
169	80	32	1
170	64	76	2
171	103	3	0
172	18	3	0
173	81	6	1
174	27	97	0
175	7	93	0
176	101	100	1
177	82	60	0
178	70	67	2
179	89	58	0
180	100	15	0
181	49	41	1
182	61	20	0
183	69	102	1
184	67	4	1
185	75	78	1
186	73	16	1
187	17	82	1
188	96	13	2
189	57	52	2
190	31	51	1
191	80	33	1
192	36	82	1
193	29	62	0
194	13	11	2
195	77	21	2
196	81	78	2
197	46	20	1
198	7	88	1
199	91	30	0
200	30	50	0
201	99	6	0
202	85	44	2
203	3	104	0
204	0	63	2
205	64	18	2
206	57	64	2
207	76	103	2
208	51	17	0
209	7	78	2
210	6	60	0
211	66	42	2
212	82	37	2
213	23	65	2
214	79	5	1
215	61	4	0
216	87	21	1
217	46	91	0
218	46	100	1
219	92	63	2
220	21	10	1
221	53	8	0
222	80	67	2
223	17	25	1
224	97	20	1
225	58	93	1
226	8	103	0
227	79	104	2
228	61	56	1
229	84	101	2
230	18	84	0
231	87	41	2
232	56	31	0
233	93	86	2
234	50	92	2
235	66	37	0
236	58	64	0
237	63	39	2
238	73	47	1
239	59	99	2
240	72	83	1
241	29	72	0
242	102	33	1
243	73	79	1
244	58	88	2
245	104	13	2
246	98	64	2
247	87	27	1
248	54	33	2
249	84	97	1
250	101	0	1
251	79	28	2
252	20	59	2
253	101	0	0
254	20	67	2
255	48	10	0
256	17	55	0
257	5	48	1
258	99	64	2
259	53	104	0
260	23	20	2
261	98	19	1
262	32	15	1
263	90	1	2
264	89	54	0
265	37	14	0
266	65	59	2
267	77	49	2
268	88	72	1
269	7	101	2
270	40	64	2
271	43	23	0
272	26	102	1
273	62	39	1
274	99	103	2
275	3	40	1
276	20	50	1
277	42	9	2
278	49	66	2
279	51	38	1
280	52	9	1
281	42	50	2
282	83	70	0
283	48	20	2
284	91	93	1
285	95	20	1
286	46	63	0
287	44	6	2
288	42	8	0
289	94	14	1
290	26	94	1
291	92	85	2
292	102	27	2
293	30	63	0
294	82	54	0
295	40	49	2
296	49	46	2
297	16	24	0
298	57	34	1
299	103	61	0
300	95	53	0
301	13	33	1
302	28	54	2
303	16	61	2
304	2	45	2
305	50	104	2
306	65	28	0
307	34	15	2
308	46	102	0
309	32	25	0
310	102	6	0
311	23	11	1
312	0	83	1
313	19	80	2
314	14	34	0
315	79	71	0
316	84	27	2
317	45	27	2
318	89	54	2
319	87	0	0
320	93	76	2
321	34	94	1
322	98	57	1
323	3	15	2
324	96	5	2
325	102	16	0
326	95	79	0
327	37	20	0
328	2	45	2
329	86	26	1
330	53	57	2
331	65	46	0
332	60	98	2
333	56	64	0
334	35	91	2
335	51	63	2
336	37	23	1
337	72	58	1
338	3	22	2
339	67	85	0
340	40	26	2
341	26	26	0
342	38	69	2
343	41	72	1
344	89	48	0
345	4	73	1
346	64	22	1
347	42	11	2
348	57	66	2
349	16	32	2
350	2	39	2
351	73	9	0
352	49	49	1
353	82	25	0
354	35	97	0
355	50	44	2
356	36	52	0
357	77	41	2
358	42	33	2
359	104	83	0
360	68	7	1
361	42	40	0
362	31	91	2
363	95	80	1
364	32	20	2
365	36	13	1
366	10	60	1
367	62	0	0
368	82	72	1
369	5	35	0
370	3	14	2
371	9	17	0
372	93	31	0
373	8	5	0
374	97	74	2
375	3	84	2
376	46	81	2
377	87	71	2
378	39	11	2
379	70	91	2
380	7	85	0
381	44	82	2
382	38	85	0
383	55	39	1
384	23	91	0
385	39	86	2
386	23	78	2
387	83	12	2
388	61	86	2
389	73	104	2
390	83	24	0
391	91	0	2
392	5	17	0
393	102	88	1
394	86	88	0
395	89	68	1
396	41	29	0
397	96	88	0
398	9	62	0
399	18	46	1
400	6	77	2
401	100	58	0
402	59	49	1
403	72	78	0
404	100	43	0
405	23	60	0
406	61	51	1
407	61	98	2
408	52	75	2
409	31	33	1
410	36	29	2
411	104	11	2
412	101	19	1
413	14	7	1
414	44	68	0
415	77	90	2
416	23	59	1
417	19	39	0
418	103	61	2
419	32	62	1
420	64	49	0
421	50	17	2
422	13	41	0
423	50	99	2
424	56	46	2
425	49	13	0
426	5	103	1
427	87	93	2
428	48	7	0
429	23	78	1
430	25	28	1
431	27	58	0
432	73	61	2
433	60	80	0
434	16	4	1
435	101	59	2
436	51	72	0
437	43	51	0
438	61	39	0
439	94	37	0
440	40	73	2
441	18	55	1
