1	23	15	2
2	53	21	0
3	75	83	0
4	43	77	0
5	65	51	2
6	46	12	1
7	72	80	1
8	49	1	1
9	96	59	2
10	45	41	1
11	60	27	0
12	66	46	0
13	9	45	1
14	2	93	0
15	6	103	1
16	43	69	0
17	51	100	0
18	32	55	2
19	15	47	2
20	74	51	0
21	59	40	2
22	37	11	2
23	78	76	2
24	60	31	1
25	70	89	1
26	98	76	0
27	78	86	1
28	19	53	0
29	1	43	0
30	103	87	0
31	7	85	0
32	80	90	1
33	70	40	1
34	90	50	2
35	74	98	2
36	70	17	1
37	51	37	0
38	88	14	1
39	58	95	1
40	55	97	1
41	38	70	1
42	102	65	1
43	63	62	1
44	99	91	0
45	32	46	0
46	91	72	0
47	1	11	0
48	64	34	2
49	26	65	2
50	11	102	2
51	40	89	2
52	19	79	2
53	89	71	1
54	100	69	2
55	10	64	2
56	57	97	2
57	39	14	2
58	37	51	1
59	74	30	2
60	2	99	1
61	0	90	0
62	97	86	1
63	56	69	0
64	4	67	1
65	90	39	2
66	52	31	2
67	7	41	0
68	9	52	0
69	17	51	1
70	67	16	2
71	55	50	0
72	87	91	2
73	1	29	0
74	4	91	2
75	74	96	1
76	8	103	0
77	87	27	0
78	31	0	0
79	18	4	1
80	10	46	1
81	9	90	2
82	9	72	1
83	92	58	1
84	23	86	0
85	6	93	2
86	25	85	1
87	90	59	1
88	32	33	2
89	10	25	1
90	0	5	1
91	16	70	0
92	89	103	1
93	33	72	1
94	20	22	0
95	28	62	1
96	20	39	2
97	46	4	0
98	44	81	1
99	70	81	2
100	43	52	0
101	9	41	1
102	57	54	1
103	39	43	2
104	4	18	0
105	33	66	2
106	41	42	2
107	89	0	0
108	28	53	1
109	43	59	1
110	27	73	2
111	91	3	0
112	104	98	1
113	80	99	0
114	38	37	0
115	53	91	1
116	77	83	1
117	82	19	0
118	44	16	0
119	96	30	1
120	43	36	1
121	27	69	2
122	86	49	1
123	9	83	1
124	40	23	1
125	52	56	2
126	24	75	2
127	52	43	2
128	55	43	2
129	14	78	1
130	67	65	1
131	1	101	2
132	85	60	2
133	93	52	1
134	67	54	1
135	13	51	0
136	9	62	0
137	1	28	2
138	52	56	1
139	93	2	2
140	103	42	1
141	24	45	0
142	25	44	2
143	71	50	1
144	79	29	1
145	65	81	2
146	68	82	1
147	75	82	0
148	63	28	2
149	90	69	1
150	93	74	1
151	56	15	2
152	84	49	0
153	5	86	2
154	31	43	0
155	15	92	0
156	22	7	0
157	87	3	2
158	77	14	1
159	31	79	1
160	52	58	0
161	73	3	0
162	68	99	2
163	54	85	1
164	9	21	0
165	104	11	1
166	1	92	1
167	93	98	2
168	79	91	1
169	53	84	1
170	31	100	0
171	34	58	0
172	84	22	0
173	58	41	0
174	46	7	1
175	53	63	1
176	91	35	1
177	67	65	1
178	93	66	2
179	45	79	0
180	91	84	1
181	66	101	2
182	52	5	1
183	104	75	0
184	99	22	0
185	63	69	0
186	41	18	1
187	12	17	2
188	38	50	0
189	50	98	0
190	11	91	2
191	11	87	0
192	77	52	0
193	81	92	1
194	45	73	2
195	88	93	2
196	12	83	0
197	88	31	0
198	95	18	2
199	66	32	2
200	74	86	2
201	75	99	0
202	48	49	0
203	87	46	0
204	36	72	2
205	15	72	2
206	54	0	1
207	22	104	0
208	67	71	2
209	84	93	0
210	28	70	2
211	46	25	2
212	89	61	2
213	2	1	0
214	73	97	2
215	57	14	2
216	50	84	2
217	27	90	0
218	63	46	1
219	1	0	1
220	37	53	2
221	34	53	0
222	86	95	1
223	52	64	0
224	95	98	0
225	42	61	2
226	15	61	0
227	35	82	2
228	68	61	2
229	104	20	2
230	41	35	1
231	45	98	0
232	6	68	1
233	76	99	0
234	90	69	1
235	85	40	0
236	9	39	2
237	11	45	2
238	81	41	0
239	91	44	1
240	36	84	2
241	47	25	2
242	52	9	1
243	46	28	0
244	2	48	2
245	76	82	0
246	75	8	0
247	38	87	2
248	101	21	2
249	16	6	1
250	1	44	0
251	35	63	0
252	79	57	0
253	33	82	0
254	45	25	2
255	8	28	0
256	41	0	1
257	66	12	0
258	86	87	1
259	11	25	0
260	93	31	2
261	49	36	1
262	71	46	0
263	6	63	1
264	54	42	0
265	93	48	2
266	49	93	1
267	3	71	0
268	26	48	1
269	40	71	2
270	44	97	2
271	25	87	1
272	81	89	2
273	59	53	1
274	45	64	1
275	88	24	1
276	58	35	0
277	29	43	1
278	24	4	2
279	28	3	2
280	82	32	0
281	49	67	1
282	73	18	2
283	61	2	1
284	98	87	0
285	1	51	2
286	77	87	2
287	91	14	1
288	96	26	2
289	51	55	2
290	10	48	0
291	79	63	0
292	47	56	0
293	41	52	0
294	56	31	2
295	104	85	0
296	39	97	1
297	30	78	2
298	93	11	2
299	16	84	1
300	19	104	2
301	76	99	1
302	35	58	1
303	27	48	1
304	102	12	1
305	76	66	0
306	3	96	1
307	10	71	2
308	16	76	0
309	82	92	1
310	3	83	0
311	102	29	1
312	102	23	1
313	58	11	0
314	51	67	0
315	22	81	1
316	34	58	0
317	69	30	1
318	85	84	2
319	33	15	0
320	22	0	2
321	55	41	0
322	88	86	2
323	71	28	1
324	62	66	2
325	91	89	1
326	83	90	1
327	75	45	0
328	8	60	2
329	42	54	0
330	87	100	0
331	43	93	1
332	44	15	0
333	28	44	0
334	14	102	2
335	47	68	0
336	47	40	1
337	61	61	2
338	36	78	2
339	53	72	0
340	84	45	2
341	71	9	2
342	61	77	2
343	84	17	2
344	54	97	0
345	27	26	0
346	46	25	1
347	91	25	0
348	41	82	1
349	63	93	0
350	46	48	0
351	70	100	0
352	104	31	1
353	7	49	1
354	96	77	0
355	42	38	0
356	75	29	0
357	43	81	1
358	69	29	1
359	58	23	1
360	5	55	0
361	40	97	2
362	19	21	1
363	54	95	2
364	42	58	0
365	76	15	2
366	88	32	0
367	66	14	0
368	8	60	0
369	18	78	0
370	4	76	2
371	100	30	0
372	62	4	1
373	81	37	0
374	25	89	1
375	6	17	0
376	100	98	1
377	53	64	1
378	33	96	0
379	96	43	2
380	14	64	0
381	62	59	1
382	8	94	1
383	48	48	2
384	101	51	1
385	103	96	0
386	69	101	0
387	78	103	1
388	82	75	0
389	7	50	0
390	25	39	1
391	7	93	2
392	90	55	2
393	104	89	2
394	93	88	2
395	87	88	0
396	102	35	2
397	43	5	0
398	2	87	1
399	42	20	2
400	11	85	2
401	52	52	1
402	47	67	1
403	62	82	1
404	58	102	1
405	63	100	1
406	104	32	2
407	76	13	1
408	2	64	0
409	70	54	0
410	92	42	0
411	50	27	0
412	26	59	1
413	92	99	2
414	72	62	0
415	1	58	2
416	43	90	0
417	17	4	2
418	10	36	2
419	95	84	2
420	32	98	0
421	44	39	2
422	5	21	0
423	35	29	1
424	12	20	1
425	64	53	2
426	2	47	1
427	77	35	0
428	96	87	2
429	23	28	2
430	23	67	2
431	4	30	2
432	74	55	2
433	46	46	0
434	104	101	0
435	28	19	0
436	70	36	2
437	6	37	1
438	97	15	2
439	69	71	0
440	46	15	0
441	41	16	1
