1	23	19	2
2	61	49	2
3	56	10	2
4	11	94	2
5	59	33	2
6	39	15	0
7	92	38	1
8	71	55	0
9	44	69	2
10	78	22	2
11	93	34	1
12	52	84	1
13	47	83	0
14	71	96	1
15	65	56	0
16	89	55	2
17	2	98	2
18	14	66	0
19	0	40	0
20	32	44	2
21	46	82	2
22	56	43	1
23	41	29	0
24	40	36	1
25	104	13	0
26	19	99	2
27	60	46	0
28	28	66	0
29	48	35	2
30	92	53	1
31	104	91	1
32	38	56	0
33	89	32	0
34	94	9	1
35	43	17	0
36	72	77	0
37	100	33	1
38	101	74	0
39	74	40	0
40	61	15	2
41	99	41	0
42	6	9	1
43	31	56	1
44	62	69	0
45	57	18	2
46	29	46	2
47	61	48	0
48	40	66	2
49	72	95	0
50	21	51	1
51	54	19	0
52	84	35	1
53	103	66	1
54	102	5	2
55	5	11	0
56	34	9	2
57	4	84	1
58	32	10	1
59	20	65	1
60	29	17	0
61	50	82	1
62	55	71	1
63	37	14	0
64	3	103	0
65	76	8	2
66	45	81	2
67	6	96	1
68	89	4	1
69	93	75	0
70	16	86	1
71	20	45	0
72	24	21	1
73	94	98	2
74	71	18	0
75	103	17	1
76	38	83	0
77	55	36	0
78	68	13	2
79	49	1	2
80	25	74	2
81	95	26	0
82	88	99	0
83	97	14	1
84	40	12	1
85	29	44	1
86	53	96	0
87	104	39	0
88	69	7	2
89	50	72	1
90	30	78	1
91	76	15	1
92	45	86	0
93	87	82	0
94	99	59	0
95	30	43	2
96	97	55	1
97	97	9	1
98	7	76	1
99	79	60	1
100	32	63	0
101	69	55	0
102	98	58	2
103	9	25	2
104	77	55	1
105	68	70	2
106	98	86	1
107	18	39	0
108	49	70	2
109	69	70	0
110	38	6	1
111	62	63	1
112	50	82	1
113	95	34	0
114	9	56	1
115	55	29	0
116	66	7	1
117	9	27	1
118	102	28	0
119	15	67	0
120	68	38	1
121	12	16	2
122	13	44	2
123	12	60	2
124	23	8	1
125	44	51	0
126	102	103	2
127	3	35	0
128	62	43	2
129	62	78	2
130	31	11	1
131	15	40	0
132	14	33	2
133	39	82	1
134	71	1	0
135	64	27	0
136	90	89	2
137	64	4	1
138	15	15	1
139	61	26	2
140	99	32	2
141	3	50	2
142	63	97	0
143	49	0	0
144	8	19	1
145	38	56	2
146	103	44	1
147	56	36	0
148	71	7	0
149	44	3	1
150	104	17	2
151	42	96	0
152	91	61	0
153	62	14	1
154	46	2	0
155	97	8	0
156	70	39	1
157	102	91	0
158	21	57	0
159	32	58	0
160	104	30	1
161	88	10	2
162	95	2	2
163	98	99	1
164	6	29	2
165	91	32	1
166	27	45	1
167	8	64	1
168	5	79	2
169	0	56	1
170	97	71	0
171	54	76	1
172	20	52	2
173	101	36	0
174	27	89	2
175	32	92	2
176	71	81	2
177	82	52	0
178	85	100	1
179	92	7	1
180	50	26	2
181	88	30	1
182	103	43	1
183	4	88	1
184	40	29	0
185	63	28	2
186	54	36	0
187	95	6	2
188	86	33	0
189	60	10	0
190	18	61	1
191	1	20	1
192	73	80	2
193	56	23	0
194	101	79	1
195	60	93	0
196	39	9	2
197	29	7	2
198	76	24	1
199	45	100	2
200	71	2	1
201	50	50	2
202	51	63	1
203	95	99	1
204	77	55	2
205	46	98	1
206	14	92	2
207	38	40	2
208	56	46	0
209	65	10	0
210	25	51	0
211	22	52	0
212	19	59	0
213	83	68	1
214	13	10	2
215	100	55	0
216	33	86	0
217	98	104	1
218	16	102	1
219	49	87	1
220	47	10	0
221	48	2	2
222	35	36	2
223	77	44	0
224	53	95	0
225	28	26	1
226	87	64	1
227	103	39	0
228	94	40	0
229	23	85	1
230	101	77	1
231	46	76	1
232	39	22	1
233	22	104	1
234	33	71	1
235	18	91	1
236	95	33	0
237	17	76	2
238	45	65	2
239	36	44	1
240	49	21	2
241	29	86	0
242	66	58	2
243	51	96	2
244	98	31	2
245	20	14	0
246	47	85	2
247	17	86	1
248	74	49	2
249	24	10	2
250	93	62	1
251	61	57	1
252	90	92	2
253	71	12	1
254	36	14	1
255	17	36	1
256	38	58	2
257	8	7	1
258	90	93	1
259	60	13	2
260	34	99	1
261	9	41	1
262	8	103	2
263	86	82	1
264	80	40	0
265	23	4	2
266	10	40	0
267	21	2	0
268	74	53	0
269	103	28	0
270	8	0	0
271	59	58	0
272	76	22	1
273	100	56	2
274	75	43	1
275	34	66	2
276	21	2	1
277	28	13	0
278	26	12	2
279	32	54	1
280	42	11	1
281	74	22	0
282	15	16	1
283	86	46	2
284	65	73	1
285	43	84	1
286	93	42	1
287	17	19	0
288	87	81	0
289	49	32	0
290	95	28	2
291	39	57	1
292	43	42	0
293	87	21	0
294	34	88	1
295	49	73	0
296	91	36	2
297	49	92	0
298	39	90	0
299	6	71	0
300	9	87	2
301	11	48	0
302	9	27	2
303	49	62	2
304	45	2	1
305	75	60	2
306	98	24	0
307	103	75	0
308	30	76	1
309	51	45	2
310	72	14	0
311	93	33	0
312	10	74	0
313	20	85	1
314	8	73	2
315	2	62	0
316	81	36	2
317	91	77	1
318	88	41	2
319	37	79	1
320	29	29	0
321	47	40	1
322	75	49	2
323	11	26	0
324	18	35	1
325	38	63	1
326	7	72	2
327	23	5	1
328	62	11	2
329	13	16	2
330	92	98	0
331	23	71	1
332	86	85	2
333	62	74	2
334	79	23	2
335	31	28	1
336	63	95	1
337	95	5	2
338	53	72	0
339	4	80	1
340	49	75	0
341	58	44	1
342	52	96	1
343	11	42	1
344	88	67	2
345	56	65	2
346	9	52	1
347	5	100	2
348	26	104	2
349	21	28	1
350	39	18	2
351	101	32	1
352	84	85	1
353	11	29	1
354	42	83	1
355	23	37	1
356	88	39	1
357	57	90	0
358	91	12	1
359	26	53	2
360	15	53	0
361	2	42	2
362	54	5	1
363	18	7	1
364	63	64	1
365	12	53	0
366	67	2	2
367	70	101	0
368	44	46	0
369	32	85	1
370	51	81	1
371	38	1	1
372	49	71	2
373	97	80	0
374	57	61	0
375	60	85	0
376	36	56	2
377	21	66	2
378	25	62	0
379	89	91	2
380	9	66	2
381	24	70	0
382	60	91	1
383	66	25	0
384	87	11	0
385	43	75	0
386	100	74	0
387	95	26	1
388	92	7	1
389	5	24	1
390	68	16	2
391	78	58	2
392	96	64	0
393	42	81	0
394	46	28	1
395	16	15	0
396	89	77	1
397	0	11	1
398	52	89	1
399	76	12	2
400	57	25	0
401	60	74	2
402	50	38	0
403	38	11	0
404	31	58	1
405	0	86	0
406	60	17	1
407	77	24	1
408	13	61	2
409	23	74	0
410	104	37	0
411	84	62	2
412	36	93	2
413	56	43	1
414	20	58	0
415	8	71	1
416	16	10	1
417	91	89	0
418	71	51	0
419	88	47	2
420	20	51	0
421	31	65	0
422	49	30	0
423	87	90	0
424	16	40	1
425	47	77	1
426	17	4	2
427	54	41	1
428	58	9	1
429	75	8	0
430	40	4	1
431	18	39	0
432	80	65	1
433	48	39	2
434	33	78	2
435	90	9	2
436	85	1	0
437	22	21	2
438	6	3	1
439	1	4	1
440	103	65	0
441	36	34	2
